Py Solution
============
-29.03569646
-58.09064159
-83.83746661
-106.25556600
-125.84532138
-143.08555264
-158.35807747
-171.95986177
-184.12456112
-195.03971841
-204.85891103
-213.71015957
-221.70179817
-228.92667261
-235.46515659
-241.38746159
-246.75531596
-251.62334627
-256.04008437
-260.04885677
-263.68843519
-266.99363681
-269.99577447
-272.72306784
-275.20100028
-277.45258491
-279.49865838
-281.35807046
-283.04790993
-284.58366819
-285.97938559
-287.24781240
-288.40050526
-289.44797022
-290.39973192
-291.26444524
-292.04997633
-292.76344948
-293.41135814
-293.99956342
-294.53341286
-295.01773866
-295.45692374
-295.85496121
-296.21544942
-296.54165724
-296.83654796
-297.10276707
-297.34275383
-297.55867088
-297.75247604
-297.92594769
-298.08062835
-298.21792115
-298.33909677
-298.44521164
-298.53723881
-298.61603780
-298.68227439
-298.73658696
-298.77947607
-298.81128404
-298.83233592
-298.84281851
-298.84281851
-298.83233592
-298.81128404
-298.77947607
-298.73658696
-298.68227439
-298.61603780
-298.53723881
-298.44521164
-298.33909677
-298.21792115
-298.08062835
-297.92594769
-297.75247604
-297.55867088
-297.34275383
-297.10276707
-296.83654796
-296.54165724
-296.21544942
-295.85496121
-295.45692374
-295.01773866
-294.53341286
-293.99956342
-293.41135814
-292.76344948
-292.04997633
-291.26444524
-290.39973192
-289.44797022
-288.40050526
-287.24781240
-285.97938559
-284.58366819
-283.04790993
-281.35807046
-279.49865838
-277.45258491
-275.20100028
-272.72306784
-269.99577447
-266.99363681
-263.68843519
-260.04885677
-256.04008437
-251.62334627
-246.75531596
-241.38746159
-235.46515659
-228.92667261
-221.70179817
-213.71015957
-204.85891103
-195.03971841
-184.12456112
-171.95986177
-158.35807747
-143.08555264
-125.84532138
-106.25556600
-83.83746661
-58.09064159
-29.03569646
-58.05214549
-119.48940490
-171.00365516
-215.33948209
-254.04017132
-288.13881585
-318.38689663
-345.35681151
-369.49866595
-391.17540245
-410.68576440
-428.27992399
-444.17036159
-458.53972371
-471.54648989
-483.32935751
-494.01045307
-503.69796838
-512.48813269
-520.46689717
-527.71125166
-534.29033799
-540.26639574
-545.69550456
-550.62834965
-555.11068798
-559.18397791
-562.88571373
-566.24990253
-569.30736886
-572.08605538
-574.61134115
-576.90622712
-578.99163003
-580.88650282
-582.60808133
-584.17200997
-585.59249009
-586.88242059
-588.05350184
-589.11635354
-590.08061377
-590.95500221
-591.74746604
-592.46517123
-593.11463690
-593.70173558
-594.23177937
-594.70957288
-595.13945594
-595.52532014
-595.87067726
-596.17863919
-596.45199334
-596.69321539
-596.90449603
-597.08773828
-597.24458151
-597.37648744
-597.48463000
-597.56998384
-597.63334051
-597.67524372
-597.69611383
-597.69611383
-597.67524372
-597.63334051
-597.56998384
-597.48463000
-597.37648744
-597.24458151
-597.08773828
-596.90449603
-596.69321539
-596.45199334
-596.17863919
-595.87067726
-595.52532014
-595.13945594
-594.70957288
-594.23177937
-593.70173558
-593.11463690
-592.46517123
-591.74746604
-590.95500221
-590.08061377
-589.11635354
-588.05350184
-586.88242059
-585.59249009
-584.17200997
-582.60808133
-580.88650282
-578.99163003
-576.90622712
-574.61134115
-572.08605538
-569.30736886
-566.24990253
-562.88571373
-559.18397791
-555.11068798
-550.62834965
-545.69550456
-540.26639574
-534.29033799
-527.71125166
-520.46689717
-512.48813269
-503.69796838
-494.01045307
-483.32935751
-471.54648989
-458.53972371
-444.17036159
-428.27992399
-410.68576440
-391.17540245
-369.49866595
-345.35681151
-318.38689663
-288.13881585
-254.04017132
-215.33948209
-171.00365516
-119.48940490
-58.05214549
-83.68348079
-170.81117711
-245.34825776
-310.05853921
-366.83706661
-417.04263529
-461.69387456
-501.58180832
-537.33788179
-569.47744256
-598.42880888
-624.55338492
-648.15999973
-669.51534329
-688.85172186
-706.37300561
-722.25917545
-736.66993534
-749.74758613
-761.61935735
-772.39934265
-782.19009244
-791.08395584
-799.16423667
-806.50618928
-813.17786235
-819.24083632
-824.75090696
-829.75861698
-834.30983394
-838.44612897
-842.20524261
-845.62143596
-848.72579322
-851.54656570
-854.10936817
-856.43750743
-858.55210768
-860.47236004
-862.21569314
-863.79790780
-865.23334445
-866.53502047
-867.71471056
-868.78314547
-869.74997768
-870.62396950
-871.41303708
-872.12431581
-872.76426290
-873.33870457
-873.85281294
-874.31126497
-874.71819516
-875.07728578
-875.39181098
-875.66458751
-875.89809305
-876.09445043
-876.25544400
-876.38251846
-876.47681437
-876.53921726
-876.57026595
-876.57026595
-876.53921726
-876.47681437
-876.38251846
-876.25544400
-876.09445043
-875.89809305
-875.66458751
-875.39181098
-875.07728578
-874.71819516
-874.31126497
-873.85281294
-873.33870457
-872.76426290
-872.12431581
-871.41303708
-870.62396950
-869.74997768
-868.78314547
-867.71471056
-866.53502047
-865.23334445
-863.79790780
-862.21569314
-860.47236004
-858.55210768
-856.43750743
-854.10936817
-851.54656570
-848.72579322
-845.62143596
-842.20524261
-838.44612897
-834.30983394
-829.75861698
-824.75090696
-819.24083632
-813.17786235
-806.50618928
-799.16423667
-791.08395584
-782.19009244
-772.39934265
-761.61935735
-749.74758613
-736.66993534
-722.25917545
-706.37300561
-688.85172186
-669.51534329
-648.15999973
-624.55338492
-598.42880888
-569.47744256
-537.33788179
-501.58180832
-461.69387456
-417.04263529
-366.83706661
-310.05853921
-245.34825776
-170.81117711
-83.68348079
-105.87059628
-214.72355544
-309.51963827
-392.70934498
-466.20690957
-531.50076782
-589.76413769
-641.93864628
-688.79358875
-730.96765833
-768.99861330
-803.34478682
-834.40089303
-862.50991013
-887.97203459
-911.05176383
-931.98330503
-950.97502155
-968.21292615
-983.86362057
-998.07669271
-1010.98674944
-1022.71511618
-1033.37130549
-1043.05432990
-1051.85372852
-1059.85061370
-1067.11844043
-1073.72383256
-1079.72720465
-1085.18336569
-1090.14206659
-1094.64845939
-1098.74356377
-1102.46458906
-1105.84535651
-1108.91656451
-1111.70609095
-1114.23924558
-1116.53901290
-1118.62624264
-1120.51986114
-1122.23700665
-1123.79326343
-1125.20272041
-1126.47816345
-1127.63113340
-1128.67206434
-1129.61039017
-1130.45462917
-1131.21241456
-1131.89064511
-1132.49542555
-1133.03223084
-1133.50594750
-1133.92084644
-1134.28070129
-1134.58875454
-1134.84778239
-1135.06016930
-1135.22781849
-1135.35221003
-1135.43450762
-1135.47549716
-1135.47549716
-1135.43450762
-1135.35221003
-1135.22781849
-1135.06016930
-1134.84778239
-1134.58875454
-1134.28070129
-1133.92084644
-1133.50594750
-1133.03223084
-1132.49542555
-1131.89064511
-1131.21241456
-1130.45462917
-1129.61039017
-1128.67206434
-1127.63113340
-1126.47816345
-1125.20272041
-1123.79326343
-1122.23700665
-1120.51986114
-1118.62624264
-1116.53901290
-1114.23924558
-1111.70609095
-1108.91656451
-1105.84535651
-1102.46458906
-1098.74356377
-1094.64845939
-1090.14206659
-1085.18336569
-1079.72720465
-1073.72383256
-1067.11844043
-1059.85061370
-1051.85372852
-1043.05432990
-1033.37130549
-1022.71511618
-1010.98674944
-998.07669271
-983.86362057
-968.21292615
-950.97502155
-931.98330503
-911.05176383
-887.97203459
-862.50991013
-834.40089303
-803.34478682
-768.99861330
-730.96765833
-688.79358875
-641.93864628
-589.76413769
-531.50076782
-466.20690957
-392.70934498
-309.51963827
-214.72355544
-105.87059628
-125.07535380
-252.69281694
-365.29739457
-465.05231432
-553.78047568
-632.98939742
-703.92326937
-767.61505084
-824.93017735
-876.60098467
-923.25319904
-965.42624338
-1003.58888851
-1038.15134589
-1069.47474495
-1097.87868612
-1123.64725464
-1147.03389657
-1168.26546041
-1187.54548597
-1205.05704746
-1220.96508599
-1235.41842834
-1248.55154545
-1260.48607564
-1271.33212110
-1281.18943194
-1290.14841519
-1298.29106810
-1305.69178383
-1312.41806235
-1318.53118264
-1324.08678078
-1329.13538835
-1333.72287156
-1337.89089399
-1341.67730614
-1345.11644715
-1348.23953532
-1351.07487992
-1353.64820918
-1355.98283328
-1358.09990355
-1360.01860660
-1361.75633078
-1363.32882218
-1364.75032210
-1366.03368537
-1367.19057011
-1368.23142810
-1369.16572397
-1370.00191721
-1370.74754441
-1371.40937496
-1371.99341293
-1372.50493707
-1372.94859843
-1373.32840460
-1373.64777878
-1373.90961983
-1374.11630918
-1374.26969421
-1374.37116266
-1374.42167813
-1374.42167813
-1374.37116266
-1374.26969421
-1374.11630918
-1373.90961983
-1373.64777878
-1373.32840460
-1372.94859843
-1372.50493707
-1371.99341293
-1371.40937496
-1370.74754441
-1370.00191721
-1369.16572397
-1368.23142810
-1367.19057011
-1366.03368537
-1364.75032210
-1363.32882218
-1361.75633078
-1360.01860660
-1358.09990355
-1355.98283328
-1353.64820918
-1351.07487992
-1348.23953532
-1345.11644715
-1341.67730614
-1337.89089399
-1333.72287156
-1329.13538835
-1324.08678078
-1318.53118264
-1312.41806235
-1305.69178383
-1298.29106810
-1290.14841519
-1281.18943194
-1271.33212110
-1260.48607564
-1248.55154545
-1235.41842834
-1220.96508599
-1205.05704746
-1187.54548597
-1168.26546041
-1147.03389657
-1123.64725464
-1097.87868612
-1069.47474495
-1038.15134589
-1003.58888851
-965.42624338
-923.25319904
-876.60098467
-824.93017735
-767.61505084
-703.92326937
-632.98939742
-553.78047568
-465.05231432
-365.29739457
-252.69281694
-125.07535380
-141.73800678
-285.67496520
-413.92480272
-528.42205288
-630.87328471
-722.75306864
-805.32447950
-879.66809824
-946.71107617
-1007.25289741
-1061.98693484
-1111.51809480
-1156.37706802
-1197.03183146
-1233.89690023
-1267.34098156
-1297.69311501
-1325.24785150
-1350.26951269
-1372.99581312
-1393.64092409
-1412.39811515
-1429.44196110
-1444.93037839
-1459.00631439
-1471.79925614
-1483.42658216
-1493.99471944
-1503.60024650
-1512.33079407
-1520.26591081
-1527.47781786
-1534.03209939
-1539.98834118
-1545.40060878
-1550.31805833
-1554.78530482
-1558.84287098
-1562.52756402
-1565.87278601
-1568.90888768
-1571.66337070
-1574.16117513
-1576.42495187
-1578.47518918
-1580.33048510
-1582.00762981
-1583.52180953
-1584.88675117
-1586.11482691
-1587.21715311
-1588.20372860
-1589.08346923
-1589.86432280
-1590.55338218
-1591.15691555
-1591.68036054
-1592.12846745
-1592.50528904
-1592.81423005
-1593.05808149
-1593.23904822
-1593.35879504
-1593.41838106
-1593.41838106
-1593.35879504
-1593.23904822
-1593.05808149
-1592.81423005
-1592.50528904
-1592.12846745
-1591.68036054
-1591.15691555
-1590.55338218
-1589.86432280
-1589.08346923
-1588.20372860
-1587.21715311
-1586.11482691
-1584.88675117
-1583.52180953
-1582.00762981
-1580.33048510
-1578.47518918
-1576.42495187
-1574.16117513
-1571.66337070
-1568.90888768
-1565.87278601
-1562.52756402
-1558.84287098
-1554.78530482
-1550.31805833
-1545.40060878
-1539.98834118
-1534.03209939
-1527.47781786
-1520.26591081
-1512.33079407
-1503.60024650
-1493.99471944
-1483.42658216
-1471.79925614
-1459.00631439
-1444.93037839
-1429.44196110
-1412.39811515
-1393.64092409
-1372.99581312
-1350.26951269
-1325.24785150
-1297.69311501
-1267.34098156
-1233.89690023
-1197.03183146
-1156.37706802
-1111.51809480
-1061.98693484
-1007.25289741
-946.71107617
-879.66809824
-805.32447950
-722.75306864
-630.87328471
-528.42205288
-413.92480272
-285.67496520
-141.73800678
-156.20170978
-314.34423067
-456.30478557
-583.83781435
-698.53753445
-801.82509373
-894.95345885
-979.02176063
-1054.99311450
-1123.71256654
-1185.92352220
-1242.28210748
-1293.36945600
-1339.70198283
-1381.74004564
-1419.89521545
-1454.53638478
-1485.99488531
-1514.56893964
-1540.52733679
-1564.11275260
-1585.54449336
-1605.02093485
-1622.72170631
-1638.80955540
-1653.43202212
-1666.72291632
-1678.80364318
-1689.78440447
-1699.76523167
-1708.83696385
-1717.08206340
-1724.57547897
-1731.38524675
-1737.57318031
-1743.19542615
-1748.30298406
-1752.94218069
-1757.15505907
-1760.97984591
-1764.45120264
-1767.60058002
-1770.45650599
-1773.04482640
-1775.38902094
-1777.51030632
-1779.42789873
-1781.15917967
-1782.71981978
-1784.12397159
-1785.38435496
-1786.51237767
-1787.51825265
-1788.41106573
-1789.19892370
-1789.88897126
-1790.48747970
-1790.99983039
-1791.43066207
-1791.78389919
-1792.06272024
-1792.26963971
-1792.40653717
-1792.47470630
-1792.47470630
-1792.40653717
-1792.26963971
-1792.06272024
-1791.78389919
-1791.43066207
-1790.99983039
-1790.48747970
-1789.88897126
-1789.19892370
-1788.41106573
-1787.51825265
-1786.51237767
-1785.38435496
-1784.12397159
-1782.71981978
-1781.15917967
-1779.42789873
-1777.51030632
-1775.38902094
-1773.04482640
-1770.45650599
-1767.60058002
-1764.45120264
-1760.97984591
-1757.15505907
-1752.94218069
-1748.30298406
-1743.19542615
-1737.57318031
-1731.38524675
-1724.57547897
-1717.08206340
-1708.83696385
-1699.76523167
-1689.78440447
-1678.80364318
-1666.72291632
-1653.43202212
-1638.80955540
-1622.72170631
-1605.02093485
-1585.54449336
-1564.11275260
-1540.52733679
-1514.56893964
-1485.99488531
-1454.53638478
-1419.89521545
-1381.74004564
-1339.70198283
-1293.36945600
-1242.28210748
-1185.92352220
-1123.71256654
-1054.99311450
-979.02176063
-894.95345885
-801.82509373
-698.53753445
-583.83781435
-456.30478557
-314.34423067
-156.20170978
-168.72460740
-339.19546292
-493.11229379
-632.08689666
-757.61395159
-871.05630607
-973.64249651
-1066.47236677
-1150.52705552
-1226.68073488
-1295.71246970
-1358.31736717
-1415.11667199
-1466.66660392
-1513.46608524
-1555.96347380
-1594.56232397
-1629.62639293
-1661.48401860
-1690.43185944
-1716.73827031
-1740.64616772
-1762.37557741
-1782.12595646
-1800.07818425
-1816.39636404
-1831.22941594
-1844.71254442
-1856.96849598
-1868.10878046
-1878.23462190
-1887.43800868
-1895.80248839
-1903.40397939
-1910.31142298
-1916.58746404
-1922.28902985
-1927.46778136
-1932.17068613
-1936.44036048
-1940.31552029
-1943.83126228
-1947.01940693
-1949.90885048
-1952.52574641
-1954.89381162
-1957.03449862
-1958.96717961
-1960.70939500
-1962.27690202
-1963.68391313
-1964.94317829
-1966.06606470
-1967.06276495
-1967.94228492
-1968.71261007
-1969.38073853
-1969.95270168
-1970.43364447
-1970.82795653
-1971.13922511
-1971.37022110
-1971.52307261
-1971.59915464
-1971.59915464
-1971.52307261
-1971.37022110
-1971.13922511
-1970.82795653
-1970.43364447
-1969.95270168
-1969.38073853
-1968.71261007
-1967.94228492
-1967.06276495
-1966.06606470
-1964.94317829
-1963.68391313
-1962.27690202
-1960.70939500
-1958.96717961
-1957.03449862
-1954.89381162
-1952.52574641
-1949.90885048
-1947.01940693
-1943.83126228
-1940.31552029
-1936.44036048
-1932.17068613
-1927.46778136
-1922.28902985
-1916.58746404
-1910.31142298
-1903.40397939
-1895.80248839
-1887.43800868
-1878.23462190
-1868.10878046
-1856.96849598
-1844.71254442
-1831.22941594
-1816.39636404
-1800.07818425
-1782.12595646
-1762.37557741
-1740.64616772
-1716.73827031
-1690.43185944
-1661.48401860
-1629.62639293
-1594.56232397
-1555.96347380
-1513.46608524
-1466.66660392
-1415.11667199
-1358.31736717
-1295.71246970
-1226.68073488
-1150.52705552
-1066.47236677
-973.64249651
-871.05630607
-757.61395159
-632.08689666
-493.11229379
-339.19546292
-168.72460740
-179.50126345
-360.60072479
-524.86203136
-673.78354579
-808.77508058
-931.14368796
-1042.08785912
-1142.69816358
-1233.96201908
-1316.77086033
-1391.92825312
-1460.15823189
-1522.11327278
-1578.38167545
-1629.49422775
-1675.93028574
-1718.12305258
-1756.46436264
-1791.30888079
-1822.97782351
-1851.76231731
-1877.92632106
-1901.70924601
-1923.32835362
-1942.98086774
-1960.84582818
-1977.08585391
-1991.84861347
-2005.26828805
-2017.46675122
-2028.55473813
-2038.63283672
-2047.79248376
-2056.11673351
-2063.68104009
-2070.55398470
-2076.79785449
-2082.46924779
-2087.61953971
-2092.29542850
-2096.53928047
-2100.38952398
-2103.88102669
-2107.04539412
-2109.91129083
-2112.50469475
-2114.84906597
-2116.96567034
-2118.87367102
-2120.59034102
-2122.13124131
-2123.51032621
-2124.74007614
-2125.83161509
-2126.79483976
-2127.63847271
-2128.37017136
-2128.99654511
-2129.52325693
-2129.95508615
-2130.29594778
-2130.54894718
-2130.71635093
-2130.79968241
-2130.79968241
-2130.71635093
-2130.54894718
-2130.29594778
-2129.95508615
-2129.52325693
-2128.99654511
-2128.37017136
-2127.63847271
-2126.79483976
-2125.83161509
-2124.74007614
-2123.51032621
-2122.13124131
-2120.59034102
-2118.87367102
-2116.96567034
-2114.84906597
-2112.50469475
-2109.91129083
-2107.04539412
-2103.88102669
-2100.38952398
-2096.53928047
-2092.29542850
-2087.61953971
-2082.46924779
-2076.79785449
-2070.55398470
-2063.68104009
-2056.11673351
-2047.79248376
-2038.63283672
-2028.55473813
-2017.46675122
-2005.26828805
-1991.84861347
-1977.08585391
-1960.84582818
-1942.98086774
-1923.32835362
-1901.70924601
-1877.92632106
-1851.76231731
-1822.97782351
-1791.30888079
-1756.46436264
-1718.12305258
-1675.93028574
-1629.49422775
-1578.38167545
-1522.11327278
-1460.15823189
-1391.92825312
-1316.77086033
-1233.96201908
-1142.69816358
-1042.08785912
-931.14368796
-808.77508058
-673.78354579
-524.86203136
-360.60072479
-179.50126345
-188.67973068
-378.84414680
-551.95156989
-709.41019446
-852.55916143
-982.65551383
-1100.86710845
-1208.27042200
-1305.85202784
-1394.51244839
-1475.07146613
-1548.27404632
-1614.79653696
-1675.25259201
-1730.19888117
-1780.14039113
-1825.53524271
-1866.79912679
-1904.30930672
-1938.40823665
-1969.40685749
-1997.58754047
-2023.20671440
-2046.49734789
-2067.67109447
-2086.92024660
-2104.41955550
-2120.32780292
-2134.78930795
-2147.93522540
-2159.88472347
-2170.74611926
-2180.61785165
-2189.58938841
-2197.74199280
-2205.14954543
-2211.87916168
-2217.99179734
-2223.54283897
-2228.58256897
-2233.15666904
-2237.30653418
-2241.06974751
-2244.48037676
-2247.56932326
-2250.36456533
-2252.89141611
-2255.17276106
-2257.22927578
-2259.07956298
-2260.74039423
-2262.22681561
-2263.55227599
-2264.72877927
-2265.76697802
-2266.67627492
-2267.46492052
-2268.14004541
-2268.70773324
-2269.17316121
-2269.54056904
-2269.81324901
-2269.99368721
-2270.08351619
-2270.08351619
-2269.99368721
-2269.81324901
-2269.54056904
-2269.17316121
-2268.70773324
-2268.14004541
-2267.46492052
-2266.67627492
-2265.76697802
-2264.72877927
-2263.55227599
-2262.22681561
-2260.74039423
-2259.07956298
-2257.22927578
-2255.17276106
-2252.89141611
-2250.36456533
-2247.56932326
-2244.48037676
-2241.06974751
-2237.30653418
-2233.15666904
-2228.58256897
-2223.54283897
-2217.99179734
-2211.87916168
-2205.14954543
-2197.74199280
-2189.58938841
-2180.61785165
-2170.74611926
-2159.88472347
-2147.93522540
-2134.78930795
-2120.32780292
-2104.41955550
-2086.92024660
-2067.67109447
-2046.49734789
-2023.20671440
-1997.58754047
-1969.40685749
-1938.40823665
-1904.30930672
-1866.79912679
-1825.53524271
-1780.14039113
-1730.19888117
-1675.25259201
-1614.79653696
-1548.27404632
-1475.07146613
-1394.51244839
-1305.85202784
-1208.27042200
-1100.86710845
-982.65551383
-852.55916143
-709.41019446
-551.95156989
-378.84414680
-188.67973068
-196.37351630
-394.14456335
-574.68990006
-739.34651291
-889.39585598
-1026.05209413
-1150.45462631
-1263.66439051
-1366.66321409
-1460.35544357
-1545.57109278
-1623.06995668
-1693.54622909
-1757.63326615
-1815.90831089
-1868.89715506
-1917.07839802
-1960.88759829
-2000.72097953
-2036.93896865
-2069.86936007
-2099.81027009
-2127.03273339
-2151.78324697
-2174.28592365
-2194.74452595
-2213.34432654
-2230.25374931
-2245.62594133
-2259.60011475
-2272.30280989
-2283.84905294
-2294.34341961
-2303.88094672
-2312.54798892
-2320.42304411
-2327.57743833
-2334.07595632
-2339.97745075
-2345.33538905
-2350.19829016
-2354.61019706
-2358.61102480
-2362.23703202
-2365.52104623
-2368.49281829
-2371.17926076
-2373.60469397
-2375.79110027
-2377.75825868
-2379.52396981
-2381.10426943
-2382.51343775
-2383.76424583
-2384.86800996
-2385.83473313
-2386.67319118
-2387.39093985
-2387.99447451
-2388.48930135
-2388.87990404
-2389.16980243
-2389.36163810
-2389.45714443
-2389.45714443
-2389.36163810
-2389.16980243
-2388.87990404
-2388.48930135
-2387.99447451
-2387.39093985
-2386.67319118
-2385.83473313
-2384.86800996
-2383.76424583
-2382.51343775
-2381.10426943
-2379.52396981
-2377.75825868
-2375.79110027
-2373.60469397
-2371.17926076
-2368.49281829
-2365.52104623
-2362.23703202
-2358.61102480
-2354.61019706
-2350.19829016
-2345.33538905
-2339.97745075
-2334.07595632
-2327.57743833
-2320.42304411
-2312.54798892
-2303.88094672
-2294.34341961
-2283.84905294
-2272.30280989
-2259.60011475
-2245.62594133
-2230.25374931
-2213.34432654
-2194.74452595
-2174.28592365
-2151.78324697
-2127.03273339
-2099.81027009
-2069.86936007
-2036.93896865
-2000.72097953
-1960.88759829
-1917.07839802
-1868.89715506
-1815.90831089
-1757.63326615
-1693.54622909
-1623.06995668
-1545.57109278
-1460.35544357
-1366.66321409
-1263.66439051
-1150.45462631
-1026.05209413
-889.39585598
-739.34651291
-574.68990006
-394.14456335
-196.37351630
-202.66977416
-406.67068848
-593.31694541
-763.89010720
-919.62565384
-1061.70236808
-1191.23490232
-1309.26928832
-1416.78099126
-1514.67500712
-1603.78749260
-1684.88845389
-1758.68516865
-1825.82592470
-1886.90396873
-1942.46152500
-1992.99362450
-2038.95189411
-2080.74806234
-2118.75730757
-2153.32137721
-2184.75143378
-2213.33071116
-2239.31698105
-2262.94482577
-2284.42760782
-2303.95947335
-2321.71694286
-2337.86061631
-2352.53649899
-2365.87734943
-2378.00388079
-2389.02583328
-2399.04298352
-2408.14596755
-2416.41721097
-2423.93159537
-2430.75713235
-2436.95564713
-2442.58324576
-2447.69092677
-2452.32489884
-2456.52712530
-2460.33566967
-2463.78501207
-2466.90640854
-2469.72810778
-2472.27567356
-2474.57217276
-2476.63836867
-2478.49300456
-2480.15284918
-2481.63296969
-2482.94675392
-2484.10608640
-2485.12147116
-2486.00213455
-2486.75603257
-2487.38995379
-2487.90968266
-2488.31994714
-2488.62444885
-2488.82593682
-2488.92623853
-2488.92623853
-2488.82593682
-2488.62444885
-2488.31994714
-2487.90968266
-2487.38995379
-2486.75603257
-2486.00213455
-2485.12147116
-2484.10608640
-2482.94675392
-2481.63296969
-2480.15284918
-2478.49300456
-2476.63836867
-2474.57217276
-2472.27567356
-2469.72810778
-2466.90640854
-2463.78501207
-2460.33566967
-2456.52712530
-2452.32489884
-2447.69092677
-2442.58324576
-2436.95564713
-2430.75713235
-2423.93159537
-2416.41721097
-2408.14596755
-2399.04298352
-2389.02583328
-2378.00388079
-2365.87734943
-2352.53649899
-2337.86061631
-2321.71694286
-2303.95947335
-2284.42760782
-2262.94482577
-2239.31698105
-2213.33071116
-2184.75143378
-2153.32137721
-2118.75730757
-2080.74806234
-2038.95189411
-1992.99362450
-1942.46152500
-1886.90396873
-1825.82592470
-1758.68516865
-1684.88845389
-1603.78749260
-1514.67500712
-1416.78099126
-1309.26928832
-1191.23490232
-1061.70236808
-919.62565384
-763.89010720
-593.31694541
-406.67068848
-202.66977416
-207.63489454
-416.55146778
-608.01707686
-783.27132177
-943.51428237
-1089.89681072
-1223.51331431
-1345.39685867
-1456.51644440
-1557.77608892
-1650.01538936
-1734.01118613
-1810.48005600
-1880.08127658
-1943.42011172
-2001.05134273
-2053.48267931
-2101.17829006
-2144.56205870
-2184.02083897
-2219.90741799
-2252.54338734
-2282.22168620
-2309.20916812
-2333.74876904
-2356.06162559
-2376.34898698
-2394.79394168
-2411.56308100
-2426.80791000
-2440.66621379
-2453.26329559
-2464.71308716
-2475.11918683
-2484.57570513
-2493.16825344
-2500.97457638
-2508.06533816
-2514.50472475
-2520.35104567
-2525.65724224
-2530.47133492
-2534.83691002
-2538.79350076
-2542.37694544
-2545.61969388
-2548.55110590
-2551.19772230
-2553.58351239
-2555.73005974
-2557.65678677
-2559.38119401
-2560.91883891
-2562.28369355
-2563.48809991
-2564.54295137
-2565.45784932
-2566.24105426
-2566.89962572
-2567.43956622
-2567.86578981
-2568.18210977
-2568.39141932
-2568.49562466
-2568.49562466
-2568.39141932
-2568.18210977
-2567.86578981
-2567.43956622
-2566.89962572
-2566.24105426
-2565.45784932
-2564.54295137
-2563.48809991
-2562.28369355
-2560.91883891
-2559.38119401
-2557.65678677
-2555.73005974
-2553.58351239
-2551.19772230
-2548.55110590
-2545.61969388
-2542.37694544
-2538.79350076
-2534.83691002
-2530.47133492
-2525.65724224
-2520.35104567
-2514.50472475
-2508.06533816
-2500.97457638
-2493.16825344
-2484.57570513
-2475.11918683
-2464.71308716
-2453.26329559
-2440.66621379
-2426.80791000
-2411.56308100
-2394.79394168
-2376.34898698
-2356.06162559
-2333.74876904
-2309.20916812
-2282.22168620
-2252.54338734
-2219.90741799
-2184.02083897
-2144.56205870
-2101.17829006
-2053.48267931
-2001.05134273
-1943.42011172
-1880.08127658
-1810.48005600
-1734.01118613
-1650.01538936
-1557.77608892
-1456.51644440
-1345.39685867
-1223.51331431
-1089.89681072
-943.51428237
-783.27132177
-608.01707686
-416.55146778
-207.63489454
-211.31834031
-423.88321525
-618.92856739
-797.66383785
-961.26334700
-1110.85727939
-1247.52467987
-1372.28838743
-1486.11183779
-1589.89751237
-1684.48677685
-1770.66084482
-1849.14260113
-1920.59900293
-1985.64387098
-2044.84104249
-2098.70746617
-2147.71650889
-2192.30103520
-2232.85655021
-2269.74407573
-2303.29297129
-2333.80347310
-2361.54921546
-2386.77945323
-2409.72113585
-2430.58090493
-2449.54676797
-2466.78987124
-2482.46584807
-2496.71630672
-2509.67000262
-2521.44406188
-2532.14494815
-2541.86943567
-2550.70550805
-2558.73312101
-2566.02490088
-2572.64687044
-2578.65896956
-2584.11564325
-2589.06627468
-2593.55566633
-2597.62449819
-2601.30958979
-2604.64433574
-2607.65890332
-2610.38059659
-2612.83408393
-2615.04151914
-2617.02292858
-2618.79623834
-2620.37752215
-2621.78108470
-2623.01963745
-2624.10440968
-2625.04525874
-2625.85067838
-2626.52793585
-2627.08321221
-2627.52151762
-2627.84680449
-2628.06204082
-2628.16919271
-2628.16919271
-2628.06204082
-2627.84680449
-2627.52151762
-2627.08321221
-2626.52793585
-2625.85067838
-2625.04525874
-2624.10440968
-2623.01963745
-2621.78108470
-2620.37752215
-2618.79623834
-2617.02292858
-2615.04151914
-2612.83408393
-2610.38059659
-2607.65890332
-2604.64433574
-2601.30958979
-2597.62449819
-2593.55566633
-2589.06627468
-2584.11564325
-2578.65896956
-2572.64687044
-2566.02490088
-2558.73312101
-2550.70550805
-2541.86943567
-2532.14494815
-2521.44406188
-2509.67000262
-2496.71630672
-2482.46584807
-2466.78987124
-2449.54676797
-2430.58090493
-2409.72113585
-2386.77945323
-2361.54921546
-2333.80347310
-2303.29297129
-2269.74407573
-2232.85655021
-2192.30103520
-2147.71650889
-2098.70746617
-2044.84104249
-1985.64387098
-1920.59900293
-1849.14260113
-1770.66084482
-1684.48677685
-1589.89751237
-1486.11183779
-1372.28838743
-1247.52467987
-1110.85727939
-961.26334700
-797.66383785
-618.92856739
-423.88321525
-211.31834031
-213.75525488
-428.73448563
-626.15013187
-807.19212458
-973.01798667
-1124.74427075
-1263.43972560
-1390.12016403
-1505.74500206
-1611.21533909
-1707.37335021
-1795.00281700
-1874.83051560
-1947.52825658
-2013.71534792
-2073.96148426
-2128.78965077
-2178.67923206
-2224.06902882
-2265.36024250
-2302.91937492
-2337.08092952
-2368.15001059
-2396.40476939
-2422.09867378
-2445.46257634
-2466.70669796
-2486.02237820
-2503.58376757
-2519.54931843
-2534.06314577
-2547.25637490
-2559.24821989
-2570.14711662
-2580.05157863
-2589.05122928
-2597.22746546
-2604.65427336
-2611.39887868
-2617.52233434
-2623.08009744
-2628.12243795
-2632.69501958
-2636.83923553
-2640.59261650
-2643.98915221
-2647.05957655
-2649.83170959
-2652.33065819
-2654.57901533
-2656.59713022
-2658.40332014
-2660.01389730
-2661.44346877
-2662.70496427
-2663.80981722
-2664.76809718
-2665.58845579
-2666.27827088
-2666.84382269
-2667.29026029
-2667.62157668
-2667.84078867
-2667.94990901
-2667.94990901
-2667.84078867
-2667.62157668
-2667.29026029
-2666.84382269
-2666.27827088
-2665.58845579
-2664.76809718
-2663.80981722
-2662.70496427
-2661.44346877
-2660.01389730
-2658.40332014
-2656.59713022
-2654.57901533
-2652.33065819
-2649.83170959
-2647.05957655
-2643.98915221
-2640.59261650
-2636.83923553
-2632.69501958
-2628.12243795
-2623.08009744
-2617.52233434
-2611.39887868
-2604.65427336
-2597.22746546
-2589.05122928
-2580.05157863
-2570.14711662
-2559.24821989
-2547.25637490
-2534.06314577
-2519.54931843
-2503.58376757
-2486.02237820
-2466.70669796
-2445.46257634
-2422.09867378
-2396.40476939
-2368.15001059
-2337.08092952
-2302.91937492
-2265.36024250
-2224.06902882
-2178.67923206
-2128.78965077
-2073.96148426
-2013.71534792
-1947.52825658
-1874.83051560
-1795.00281700
-1707.37335021
-1611.21533909
-1505.74500206
-1390.12016403
-1263.43972560
-1124.74427075
-973.01798667
-807.19212458
-626.15013187
-428.73448563
-213.75525488
-214.96819692
-431.14934059
-629.74534259
-811.93655205
-978.87220545
-1131.66208520
-1271.36978182
-1399.00753715
-1515.53267125
-1621.84548861
-1718.78846228
-1807.14655597
-1887.64839728
-1960.96814841
-2027.72778847
-2088.49989744
-2143.81042287
-2194.14174865
-2239.93559640
-2281.59602752
-2319.49224574
-2353.96134852
-2385.31084946
-2413.82117296
-2439.74788820
-2463.32379832
-2484.76093277
-2504.25227359
-2521.97351520
-2538.08447861
-2552.73058583
-2566.04410243
-2578.14533735
-2589.14367411
-2599.13853649
-2608.22033821
-2616.47122694
-2623.96584890
-2630.77204849
-2636.95143604
-2642.55996379
-2647.64837868
-2652.26273270
-2656.44482428
-2660.23250256
-2663.66007246
-2666.75855774
-2669.55601986
-2672.07780147
-2674.34670038
-2676.38327705
-2678.20596590
-2679.83126226
-2681.27389252
-2682.54690973
-2683.66185849
-2684.62889196
-2685.45673962
-2686.15286100
-2686.72359943
-2687.17411194
-2687.50844394
-2687.72965398
-2687.83977473
-2687.83977473
-2687.72965398
-2687.50844394
-2687.17411194
-2686.72359943
-2686.15286100
-2685.45673962
-2684.62889196
-2683.66185849
-2682.54690973
-2681.27389252
-2679.83126226
-2678.20596590
-2676.38327705
-2674.34670038
-2672.07780147
-2669.55601986
-2666.75855774
-2663.66007246
-2660.23250256
-2656.44482428
-2652.26273270
-2647.64837868
-2642.55996379
-2636.95143604
-2630.77204849
-2623.96584890
-2616.47122694
-2608.22033821
-2599.13853649
-2589.14367411
-2578.14533735
-2566.04410243
-2552.73058583
-2538.08447861
-2521.97351520
-2504.25227359
-2484.76093277
-2463.32379832
-2439.74788820
-2413.82117296
-2385.31084946
-2353.96134852
-2319.49224574
-2281.59602752
-2239.93559640
-2194.14174865
-2143.81042287
-2088.49989744
-2027.72778847
-1960.96814841
-1887.64839728
-1807.14655597
-1718.78846228
-1621.84548861
-1515.53267125
-1399.00753715
-1271.36978182
-1131.66208519
-978.87220545
-811.93655205
-629.74534259
-431.14934059
-214.96819692
-214.96819692
-431.14934059
-629.74534259
-811.93655205
-978.87220545
-1131.66208519
-1271.36978182
-1399.00753715
-1515.53267125
-1621.84548861
-1718.78846228
-1807.14655597
-1887.64839728
-1960.96814841
-2027.72778847
-2088.49989744
-2143.81042287
-2194.14174865
-2239.93559640
-2281.59602752
-2319.49224574
-2353.96134852
-2385.31084946
-2413.82117296
-2439.74788820
-2463.32379832
-2484.76093277
-2504.25227359
-2521.97351520
-2538.08447861
-2552.73058583
-2566.04410243
-2578.14533735
-2589.14367411
-2599.13853649
-2608.22033821
-2616.47122694
-2623.96584890
-2630.77204849
-2636.95143604
-2642.55996379
-2647.64837868
-2652.26273270
-2656.44482428
-2660.23250256
-2663.66007246
-2666.75855774
-2669.55601986
-2672.07780147
-2674.34670038
-2676.38327705
-2678.20596590
-2679.83126226
-2681.27389252
-2682.54690973
-2683.66185849
-2684.62889196
-2685.45673962
-2686.15286100
-2686.72359943
-2687.17411194
-2687.50844394
-2687.72965398
-2687.83977473
-2687.83977473
-2687.72965398
-2687.50844394
-2687.17411194
-2686.72359943
-2686.15286100
-2685.45673962
-2684.62889196
-2683.66185849
-2682.54690973
-2681.27389252
-2679.83126226
-2678.20596590
-2676.38327705
-2674.34670038
-2672.07780147
-2669.55601986
-2666.75855774
-2663.66007246
-2660.23250256
-2656.44482428
-2652.26273270
-2647.64837868
-2642.55996379
-2636.95143604
-2630.77204849
-2623.96584890
-2616.47122694
-2608.22033821
-2599.13853649
-2589.14367411
-2578.14533735
-2566.04410243
-2552.73058583
-2538.08447861
-2521.97351520
-2504.25227359
-2484.76093277
-2463.32379832
-2439.74788820
-2413.82117296
-2385.31084946
-2353.96134852
-2319.49224574
-2281.59602752
-2239.93559640
-2194.14174865
-2143.81042287
-2088.49989744
-2027.72778847
-1960.96814841
-1887.64839728
-1807.14655597
-1718.78846228
-1621.84548861
-1515.53267125
-1399.00753715
-1271.36978182
-1131.66208519
-978.87220545
-811.93655205
-629.74534259
-431.14934059
-214.96819692
-213.75525488
-428.73448563
-626.15013187
-807.19212458
-973.01798667
-1124.74427075
-1263.43972560
-1390.12016403
-1505.74500206
-1611.21533909
-1707.37335021
-1795.00281700
-1874.83051560
-1947.52825658
-2013.71534792
-2073.96148426
-2128.78965077
-2178.67923206
-2224.06902882
-2265.36024250
-2302.91937492
-2337.08092952
-2368.15001059
-2396.40476939
-2422.09867378
-2445.46257634
-2466.70669796
-2486.02237820
-2503.58376757
-2519.54931843
-2534.06314577
-2547.25637490
-2559.24821989
-2570.14711662
-2580.05157863
-2589.05122928
-2597.22746546
-2604.65427336
-2611.39887868
-2617.52233434
-2623.08009744
-2628.12243795
-2632.69501958
-2636.83923553
-2640.59261650
-2643.98915221
-2647.05957655
-2649.83170959
-2652.33065819
-2654.57901533
-2656.59713022
-2658.40332014
-2660.01389730
-2661.44346877
-2662.70496427
-2663.80981722
-2664.76809718
-2665.58845579
-2666.27827088
-2666.84382269
-2667.29026029
-2667.62157668
-2667.84078867
-2667.94990901
-2667.94990901
-2667.84078867
-2667.62157668
-2667.29026029
-2666.84382269
-2666.27827088
-2665.58845579
-2664.76809718
-2663.80981722
-2662.70496427
-2661.44346877
-2660.01389730
-2658.40332014
-2656.59713022
-2654.57901533
-2652.33065819
-2649.83170959
-2647.05957655
-2643.98915221
-2640.59261650
-2636.83923553
-2632.69501958
-2628.12243795
-2623.08009744
-2617.52233434
-2611.39887868
-2604.65427336
-2597.22746546
-2589.05122928
-2580.05157863
-2570.14711662
-2559.24821989
-2547.25637490
-2534.06314577
-2519.54931843
-2503.58376757
-2486.02237820
-2466.70669796
-2445.46257634
-2422.09867378
-2396.40476939
-2368.15001059
-2337.08092952
-2302.91937492
-2265.36024250
-2224.06902882
-2178.67923206
-2128.78965077
-2073.96148426
-2013.71534792
-1947.52825658
-1874.83051560
-1795.00281700
-1707.37335021
-1611.21533909
-1505.74500206
-1390.12016403
-1263.43972560
-1124.74427075
-973.01798667
-807.19212458
-626.15013187
-428.73448563
-213.75525488
-211.31834031
-423.88321525
-618.92856739
-797.66383785
-961.26334700
-1110.85727939
-1247.52467987
-1372.28838743
-1486.11183779
-1589.89751237
-1684.48677685
-1770.66084482
-1849.14260113
-1920.59900293
-1985.64387098
-2044.84104249
-2098.70746617
-2147.71650889
-2192.30103520
-2232.85655021
-2269.74407573
-2303.29297129
-2333.80347310
-2361.54921546
-2386.77945323
-2409.72113585
-2430.58090493
-2449.54676797
-2466.78987124
-2482.46584807
-2496.71630672
-2509.67000262
-2521.44406188
-2532.14494815
-2541.86943567
-2550.70550805
-2558.73312101
-2566.02490088
-2572.64687044
-2578.65896956
-2584.11564325
-2589.06627468
-2593.55566633
-2597.62449819
-2601.30958979
-2604.64433574
-2607.65890332
-2610.38059659
-2612.83408393
-2615.04151914
-2617.02292858
-2618.79623834
-2620.37752215
-2621.78108470
-2623.01963745
-2624.10440968
-2625.04525874
-2625.85067838
-2626.52793585
-2627.08321221
-2627.52151762
-2627.84680449
-2628.06204082
-2628.16919271
-2628.16919271
-2628.06204082
-2627.84680449
-2627.52151762
-2627.08321221
-2626.52793585
-2625.85067838
-2625.04525874
-2624.10440968
-2623.01963745
-2621.78108470
-2620.37752215
-2618.79623834
-2617.02292858
-2615.04151914
-2612.83408393
-2610.38059659
-2607.65890332
-2604.64433574
-2601.30958979
-2597.62449819
-2593.55566633
-2589.06627468
-2584.11564325
-2578.65896956
-2572.64687044
-2566.02490088
-2558.73312101
-2550.70550805
-2541.86943567
-2532.14494815
-2521.44406188
-2509.67000262
-2496.71630672
-2482.46584807
-2466.78987124
-2449.54676797
-2430.58090493
-2409.72113585
-2386.77945323
-2361.54921546
-2333.80347310
-2303.29297129
-2269.74407573
-2232.85655021
-2192.30103520
-2147.71650889
-2098.70746617
-2044.84104249
-1985.64387098
-1920.59900293
-1849.14260113
-1770.66084482
-1684.48677685
-1589.89751237
-1486.11183779
-1372.28838743
-1247.52467987
-1110.85727939
-961.26334700
-797.66383785
-618.92856739
-423.88321525
-211.31834031
-207.63489454
-416.55146778
-608.01707686
-783.27132177
-943.51428237
-1089.89681072
-1223.51331431
-1345.39685867
-1456.51644440
-1557.77608892
-1650.01538936
-1734.01118613
-1810.48005600
-1880.08127658
-1943.42011172
-2001.05134273
-2053.48267931
-2101.17829006
-2144.56205870
-2184.02083897
-2219.90741799
-2252.54338734
-2282.22168620
-2309.20916812
-2333.74876904
-2356.06162559
-2376.34898698
-2394.79394168
-2411.56308100
-2426.80791000
-2440.66621379
-2453.26329559
-2464.71308716
-2475.11918683
-2484.57570513
-2493.16825344
-2500.97457638
-2508.06533816
-2514.50472475
-2520.35104567
-2525.65724224
-2530.47133492
-2534.83691002
-2538.79350076
-2542.37694544
-2545.61969388
-2548.55110590
-2551.19772230
-2553.58351239
-2555.73005974
-2557.65678677
-2559.38119401
-2560.91883891
-2562.28369355
-2563.48809991
-2564.54295137
-2565.45784932
-2566.24105426
-2566.89962572
-2567.43956622
-2567.86578981
-2568.18210977
-2568.39141932
-2568.49562466
-2568.49562466
-2568.39141932
-2568.18210977
-2567.86578981
-2567.43956622
-2566.89962572
-2566.24105426
-2565.45784932
-2564.54295137
-2563.48809991
-2562.28369355
-2560.91883891
-2559.38119401
-2557.65678677
-2555.73005974
-2553.58351239
-2551.19772230
-2548.55110590
-2545.61969388
-2542.37694544
-2538.79350076
-2534.83691002
-2530.47133492
-2525.65724224
-2520.35104567
-2514.50472475
-2508.06533816
-2500.97457638
-2493.16825344
-2484.57570513
-2475.11918683
-2464.71308716
-2453.26329559
-2440.66621379
-2426.80791000
-2411.56308100
-2394.79394168
-2376.34898698
-2356.06162559
-2333.74876904
-2309.20916812
-2282.22168620
-2252.54338734
-2219.90741799
-2184.02083897
-2144.56205870
-2101.17829006
-2053.48267931
-2001.05134273
-1943.42011172
-1880.08127658
-1810.48005600
-1734.01118613
-1650.01538936
-1557.77608892
-1456.51644440
-1345.39685867
-1223.51331431
-1089.89681072
-943.51428237
-783.27132177
-608.01707686
-416.55146778
-207.63489454
-202.66977416
-406.67068848
-593.31694541
-763.89010720
-919.62565384
-1061.70236808
-1191.23490232
-1309.26928832
-1416.78099126
-1514.67500712
-1603.78749260
-1684.88845389
-1758.68516865
-1825.82592470
-1886.90396873
-1942.46152500
-1992.99362450
-2038.95189411
-2080.74806234
-2118.75730757
-2153.32137721
-2184.75143378
-2213.33071116
-2239.31698105
-2262.94482577
-2284.42760782
-2303.95947335
-2321.71694286
-2337.86061631
-2352.53649899
-2365.87734943
-2378.00388079
-2389.02583328
-2399.04298352
-2408.14596755
-2416.41721097
-2423.93159537
-2430.75713235
-2436.95564713
-2442.58324576
-2447.69092677
-2452.32489884
-2456.52712530
-2460.33566967
-2463.78501207
-2466.90640854
-2469.72810778
-2472.27567356
-2474.57217276
-2476.63836867
-2478.49300456
-2480.15284918
-2481.63296969
-2482.94675392
-2484.10608640
-2485.12147116
-2486.00213455
-2486.75603257
-2487.38995379
-2487.90968266
-2488.31994714
-2488.62444885
-2488.82593682
-2488.92623853
-2488.92623853
-2488.82593682
-2488.62444885
-2488.31994714
-2487.90968266
-2487.38995379
-2486.75603257
-2486.00213455
-2485.12147116
-2484.10608640
-2482.94675392
-2481.63296969
-2480.15284918
-2478.49300456
-2476.63836867
-2474.57217276
-2472.27567356
-2469.72810778
-2466.90640854
-2463.78501207
-2460.33566967
-2456.52712530
-2452.32489884
-2447.69092677
-2442.58324576
-2436.95564713
-2430.75713235
-2423.93159537
-2416.41721097
-2408.14596755
-2399.04298352
-2389.02583328
-2378.00388079
-2365.87734943
-2352.53649899
-2337.86061631
-2321.71694286
-2303.95947335
-2284.42760782
-2262.94482577
-2239.31698105
-2213.33071116
-2184.75143378
-2153.32137721
-2118.75730757
-2080.74806234
-2038.95189411
-1992.99362450
-1942.46152500
-1886.90396873
-1825.82592470
-1758.68516865
-1684.88845389
-1603.78749260
-1514.67500712
-1416.78099126
-1309.26928832
-1191.23490232
-1061.70236808
-919.62565384
-763.89010720
-593.31694541
-406.67068848
-202.66977416
-196.37351630
-394.14456335
-574.68990006
-739.34651291
-889.39585598
-1026.05209413
-1150.45462631
-1263.66439051
-1366.66321409
-1460.35544357
-1545.57109278
-1623.06995668
-1693.54622909
-1757.63326615
-1815.90831089
-1868.89715506
-1917.07839802
-1960.88759829
-2000.72097953
-2036.93896865
-2069.86936007
-2099.81027009
-2127.03273339
-2151.78324697
-2174.28592365
-2194.74452595
-2213.34432654
-2230.25374931
-2245.62594133
-2259.60011475
-2272.30280989
-2283.84905294
-2294.34341961
-2303.88094672
-2312.54798892
-2320.42304411
-2327.57743833
-2334.07595632
-2339.97745075
-2345.33538905
-2350.19829016
-2354.61019706
-2358.61102480
-2362.23703202
-2365.52104623
-2368.49281829
-2371.17926076
-2373.60469397
-2375.79110027
-2377.75825868
-2379.52396981
-2381.10426943
-2382.51343775
-2383.76424583
-2384.86800996
-2385.83473313
-2386.67319118
-2387.39093985
-2387.99447451
-2388.48930135
-2388.87990404
-2389.16980243
-2389.36163810
-2389.45714443
-2389.45714443
-2389.36163810
-2389.16980243
-2388.87990404
-2388.48930135
-2387.99447451
-2387.39093985
-2386.67319118
-2385.83473313
-2384.86800996
-2383.76424583
-2382.51343775
-2381.10426943
-2379.52396981
-2377.75825868
-2375.79110027
-2373.60469397
-2371.17926076
-2368.49281829
-2365.52104623
-2362.23703202
-2358.61102480
-2354.61019706
-2350.19829016
-2345.33538905
-2339.97745075
-2334.07595632
-2327.57743833
-2320.42304411
-2312.54798892
-2303.88094672
-2294.34341961
-2283.84905294
-2272.30280989
-2259.60011475
-2245.62594133
-2230.25374931
-2213.34432654
-2194.74452595
-2174.28592365
-2151.78324697
-2127.03273339
-2099.81027009
-2069.86936007
-2036.93896865
-2000.72097953
-1960.88759829
-1917.07839802
-1868.89715506
-1815.90831089
-1757.63326615
-1693.54622909
-1623.06995668
-1545.57109278
-1460.35544357
-1366.66321409
-1263.66439051
-1150.45462631
-1026.05209413
-889.39585598
-739.34651291
-574.68990006
-394.14456335
-196.37351630
-188.67973068
-378.84414680
-551.95156989
-709.41019446
-852.55916143
-982.65551383
-1100.86710845
-1208.27042200
-1305.85202784
-1394.51244839
-1475.07146613
-1548.27404632
-1614.79653696
-1675.25259201
-1730.19888117
-1780.14039113
-1825.53524271
-1866.79912679
-1904.30930672
-1938.40823665
-1969.40685749
-1997.58754047
-2023.20671440
-2046.49734789
-2067.67109447
-2086.92024660
-2104.41955550
-2120.32780292
-2134.78930795
-2147.93522540
-2159.88472347
-2170.74611926
-2180.61785165
-2189.58938841
-2197.74199280
-2205.14954543
-2211.87916168
-2217.99179734
-2223.54283897
-2228.58256897
-2233.15666904
-2237.30653418
-2241.06974751
-2244.48037676
-2247.56932326
-2250.36456533
-2252.89141611
-2255.17276106
-2257.22927578
-2259.07956298
-2260.74039423
-2262.22681561
-2263.55227599
-2264.72877927
-2265.76697802
-2266.67627492
-2267.46492052
-2268.14004541
-2268.70773324
-2269.17316121
-2269.54056904
-2269.81324901
-2269.99368721
-2270.08351619
-2270.08351619
-2269.99368721
-2269.81324901
-2269.54056904
-2269.17316121
-2268.70773324
-2268.14004541
-2267.46492052
-2266.67627492
-2265.76697802
-2264.72877927
-2263.55227599
-2262.22681561
-2260.74039423
-2259.07956298
-2257.22927578
-2255.17276106
-2252.89141611
-2250.36456533
-2247.56932326
-2244.48037676
-2241.06974751
-2237.30653418
-2233.15666904
-2228.58256897
-2223.54283897
-2217.99179734
-2211.87916168
-2205.14954543
-2197.74199280
-2189.58938841
-2180.61785165
-2170.74611926
-2159.88472347
-2147.93522540
-2134.78930795
-2120.32780292
-2104.41955550
-2086.92024660
-2067.67109447
-2046.49734789
-2023.20671440
-1997.58754047
-1969.40685749
-1938.40823665
-1904.30930672
-1866.79912679
-1825.53524271
-1780.14039113
-1730.19888117
-1675.25259201
-1614.79653696
-1548.27404632
-1475.07146613
-1394.51244839
-1305.85202784
-1208.27042200
-1100.86710845
-982.65551383
-852.55916143
-709.41019446
-551.95156989
-378.84414680
-188.67973068
-179.50126345
-360.60072479
-524.86203136
-673.78354579
-808.77508058
-931.14368796
-1042.08785912
-1142.69816358
-1233.96201908
-1316.77086033
-1391.92825312
-1460.15823189
-1522.11327278
-1578.38167545
-1629.49422775
-1675.93028574
-1718.12305258
-1756.46436264
-1791.30888079
-1822.97782351
-1851.76231731
-1877.92632106
-1901.70924601
-1923.32835362
-1942.98086774
-1960.84582818
-1977.08585391
-1991.84861347
-2005.26828805
-2017.46675122
-2028.55473813
-2038.63283672
-2047.79248376
-2056.11673351
-2063.68104009
-2070.55398470
-2076.79785449
-2082.46924779
-2087.61953971
-2092.29542850
-2096.53928047
-2100.38952398
-2103.88102669
-2107.04539412
-2109.91129083
-2112.50469475
-2114.84906597
-2116.96567034
-2118.87367102
-2120.59034102
-2122.13124131
-2123.51032621
-2124.74007614
-2125.83161509
-2126.79483976
-2127.63847271
-2128.37017136
-2128.99654511
-2129.52325693
-2129.95508615
-2130.29594778
-2130.54894718
-2130.71635093
-2130.79968241
-2130.79968241
-2130.71635093
-2130.54894718
-2130.29594778
-2129.95508615
-2129.52325693
-2128.99654511
-2128.37017136
-2127.63847271
-2126.79483976
-2125.83161509
-2124.74007614
-2123.51032621
-2122.13124131
-2120.59034102
-2118.87367102
-2116.96567034
-2114.84906597
-2112.50469475
-2109.91129083
-2107.04539412
-2103.88102669
-2100.38952398
-2096.53928047
-2092.29542850
-2087.61953971
-2082.46924779
-2076.79785449
-2070.55398470
-2063.68104009
-2056.11673351
-2047.79248376
-2038.63283672
-2028.55473813
-2017.46675122
-2005.26828805
-1991.84861347
-1977.08585391
-1960.84582818
-1942.98086774
-1923.32835362
-1901.70924601
-1877.92632106
-1851.76231731
-1822.97782351
-1791.30888079
-1756.46436264
-1718.12305258
-1675.93028574
-1629.49422775
-1578.38167545
-1522.11327278
-1460.15823189
-1391.92825312
-1316.77086033
-1233.96201908
-1142.69816358
-1042.08785912
-931.14368796
-808.77508058
-673.78354579
-524.86203136
-360.60072479
-179.50126345
-168.72460740
-339.19546292
-493.11229379
-632.08689666
-757.61395159
-871.05630607
-973.64249651
-1066.47236677
-1150.52705552
-1226.68073488
-1295.71246970
-1358.31736717
-1415.11667199
-1466.66660392
-1513.46608524
-1555.96347380
-1594.56232397
-1629.62639293
-1661.48401860
-1690.43185944
-1716.73827031
-1740.64616772
-1762.37557741
-1782.12595646
-1800.07818425
-1816.39636404
-1831.22941594
-1844.71254442
-1856.96849598
-1868.10878046
-1878.23462190
-1887.43800868
-1895.80248839
-1903.40397939
-1910.31142298
-1916.58746404
-1922.28902985
-1927.46778136
-1932.17068613
-1936.44036048
-1940.31552029
-1943.83126228
-1947.01940693
-1949.90885048
-1952.52574641
-1954.89381162
-1957.03449862
-1958.96717961
-1960.70939500
-1962.27690202
-1963.68391313
-1964.94317829
-1966.06606470
-1967.06276495
-1967.94228492
-1968.71261007
-1969.38073853
-1969.95270168
-1970.43364447
-1970.82795653
-1971.13922511
-1971.37022110
-1971.52307261
-1971.59915464
-1971.59915464
-1971.52307261
-1971.37022110
-1971.13922511
-1970.82795653
-1970.43364447
-1969.95270168
-1969.38073853
-1968.71261007
-1967.94228492
-1967.06276495
-1966.06606470
-1964.94317829
-1963.68391313
-1962.27690202
-1960.70939500
-1958.96717961
-1957.03449862
-1954.89381162
-1952.52574641
-1949.90885048
-1947.01940693
-1943.83126228
-1940.31552029
-1936.44036048
-1932.17068613
-1927.46778136
-1922.28902985
-1916.58746404
-1910.31142298
-1903.40397939
-1895.80248839
-1887.43800868
-1878.23462190
-1868.10878046
-1856.96849598
-1844.71254442
-1831.22941594
-1816.39636404
-1800.07818425
-1782.12595646
-1762.37557741
-1740.64616772
-1716.73827031
-1690.43185944
-1661.48401860
-1629.62639293
-1594.56232397
-1555.96347380
-1513.46608524
-1466.66660392
-1415.11667199
-1358.31736717
-1295.71246970
-1226.68073488
-1150.52705552
-1066.47236677
-973.64249651
-871.05630607
-757.61395159
-632.08689666
-493.11229379
-339.19546292
-168.72460740
-156.20170978
-314.34423067
-456.30478557
-583.83781435
-698.53753445
-801.82509373
-894.95345885
-979.02176063
-1054.99311450
-1123.71256654
-1185.92352220
-1242.28210748
-1293.36945600
-1339.70198283
-1381.74004564
-1419.89521545
-1454.53638478
-1485.99488531
-1514.56893964
-1540.52733679
-1564.11275260
-1585.54449336
-1605.02093485
-1622.72170631
-1638.80955540
-1653.43202212
-1666.72291632
-1678.80364318
-1689.78440447
-1699.76523167
-1708.83696385
-1717.08206340
-1724.57547897
-1731.38524675
-1737.57318031
-1743.19542615
-1748.30298406
-1752.94218069
-1757.15505907
-1760.97984591
-1764.45120264
-1767.60058002
-1770.45650599
-1773.04482640
-1775.38902094
-1777.51030632
-1779.42789873
-1781.15917967
-1782.71981978
-1784.12397159
-1785.38435496
-1786.51237767
-1787.51825265
-1788.41106573
-1789.19892370
-1789.88897126
-1790.48747970
-1790.99983039
-1791.43066207
-1791.78389919
-1792.06272024
-1792.26963971
-1792.40653717
-1792.47470630
-1792.47470630
-1792.40653717
-1792.26963971
-1792.06272024
-1791.78389919
-1791.43066207
-1790.99983039
-1790.48747970
-1789.88897126
-1789.19892370
-1788.41106573
-1787.51825265
-1786.51237767
-1785.38435496
-1784.12397159
-1782.71981978
-1781.15917967
-1779.42789873
-1777.51030632
-1775.38902094
-1773.04482640
-1770.45650599
-1767.60058002
-1764.45120264
-1760.97984591
-1757.15505907
-1752.94218069
-1748.30298406
-1743.19542615
-1737.57318031
-1731.38524675
-1724.57547897
-1717.08206340
-1708.83696385
-1699.76523167
-1689.78440447
-1678.80364318
-1666.72291632
-1653.43202212
-1638.80955540
-1622.72170631
-1605.02093485
-1585.54449336
-1564.11275260
-1540.52733679
-1514.56893964
-1485.99488531
-1454.53638478
-1419.89521545
-1381.74004564
-1339.70198283
-1293.36945600
-1242.28210748
-1185.92352220
-1123.71256654
-1054.99311450
-979.02176063
-894.95345885
-801.82509373
-698.53753445
-583.83781435
-456.30478557
-314.34423067
-156.20170978
-141.73800678
-285.67496520
-413.92480272
-528.42205288
-630.87328471
-722.75306864
-805.32447950
-879.66809824
-946.71107617
-1007.25289741
-1061.98693484
-1111.51809480
-1156.37706802
-1197.03183146
-1233.89690023
-1267.34098156
-1297.69311501
-1325.24785150
-1350.26951269
-1372.99581312
-1393.64092409
-1412.39811515
-1429.44196110
-1444.93037839
-1459.00631439
-1471.79925614
-1483.42658216
-1493.99471944
-1503.60024650
-1512.33079407
-1520.26591081
-1527.47781786
-1534.03209939
-1539.98834118
-1545.40060878
-1550.31805833
-1554.78530482
-1558.84287098
-1562.52756402
-1565.87278601
-1568.90888768
-1571.66337070
-1574.16117513
-1576.42495187
-1578.47518918
-1580.33048510
-1582.00762981
-1583.52180953
-1584.88675117
-1586.11482691
-1587.21715311
-1588.20372860
-1589.08346923
-1589.86432280
-1590.55338218
-1591.15691555
-1591.68036054
-1592.12846745
-1592.50528904
-1592.81423005
-1593.05808149
-1593.23904822
-1593.35879504
-1593.41838106
-1593.41838106
-1593.35879504
-1593.23904822
-1593.05808149
-1592.81423005
-1592.50528904
-1592.12846745
-1591.68036054
-1591.15691555
-1590.55338218
-1589.86432280
-1589.08346923
-1588.20372860
-1587.21715311
-1586.11482691
-1584.88675117
-1583.52180953
-1582.00762981
-1580.33048510
-1578.47518918
-1576.42495187
-1574.16117513
-1571.66337070
-1568.90888768
-1565.87278601
-1562.52756402
-1558.84287098
-1554.78530482
-1550.31805833
-1545.40060878
-1539.98834118
-1534.03209939
-1527.47781786
-1520.26591081
-1512.33079407
-1503.60024650
-1493.99471944
-1483.42658216
-1471.79925614
-1459.00631439
-1444.93037839
-1429.44196110
-1412.39811515
-1393.64092409
-1372.99581312
-1350.26951269
-1325.24785150
-1297.69311501
-1267.34098156
-1233.89690023
-1197.03183146
-1156.37706802
-1111.51809480
-1061.98693484
-1007.25289741
-946.71107617
-879.66809824
-805.32447950
-722.75306864
-630.87328471
-528.42205288
-413.92480272
-285.67496520
-141.73800678
-125.07535380
-252.69281694
-365.29739457
-465.05231432
-553.78047568
-632.98939742
-703.92326937
-767.61505084
-824.93017735
-876.60098467
-923.25319904
-965.42624338
-1003.58888851
-1038.15134589
-1069.47474495
-1097.87868612
-1123.64725464
-1147.03389657
-1168.26546041
-1187.54548597
-1205.05704746
-1220.96508599
-1235.41842834
-1248.55154545
-1260.48607564
-1271.33212110
-1281.18943194
-1290.14841519
-1298.29106810
-1305.69178383
-1312.41806235
-1318.53118264
-1324.08678078
-1329.13538835
-1333.72287156
-1337.89089399
-1341.67730614
-1345.11644715
-1348.23953532
-1351.07487992
-1353.64820918
-1355.98283328
-1358.09990355
-1360.01860660
-1361.75633078
-1363.32882218
-1364.75032210
-1366.03368537
-1367.19057011
-1368.23142810
-1369.16572397
-1370.00191721
-1370.74754441
-1371.40937496
-1371.99341293
-1372.50493707
-1372.94859843
-1373.32840460
-1373.64777878
-1373.90961983
-1374.11630918
-1374.26969421
-1374.37116266
-1374.42167813
-1374.42167813
-1374.37116266
-1374.26969421
-1374.11630918
-1373.90961983
-1373.64777878
-1373.32840460
-1372.94859843
-1372.50493707
-1371.99341293
-1371.40937496
-1370.74754441
-1370.00191721
-1369.16572397
-1368.23142810
-1367.19057011
-1366.03368537
-1364.75032210
-1363.32882218
-1361.75633078
-1360.01860660
-1358.09990355
-1355.98283328
-1353.64820918
-1351.07487992
-1348.23953532
-1345.11644715
-1341.67730614
-1337.89089399
-1333.72287156
-1329.13538835
-1324.08678078
-1318.53118264
-1312.41806235
-1305.69178383
-1298.29106810
-1290.14841519
-1281.18943194
-1271.33212110
-1260.48607564
-1248.55154545
-1235.41842834
-1220.96508599
-1205.05704746
-1187.54548597
-1168.26546041
-1147.03389657
-1123.64725464
-1097.87868612
-1069.47474495
-1038.15134589
-1003.58888851
-965.42624338
-923.25319904
-876.60098467
-824.93017735
-767.61505084
-703.92326937
-632.98939742
-553.78047568
-465.05231432
-365.29739457
-252.69281694
-125.07535380
-105.87059628
-214.72355544
-309.51963827
-392.70934498
-466.20690957
-531.50076782
-589.76413769
-641.93864628
-688.79358875
-730.96765833
-768.99861330
-803.34478682
-834.40089303
-862.50991013
-887.97203459
-911.05176383
-931.98330503
-950.97502155
-968.21292615
-983.86362057
-998.07669271
-1010.98674944
-1022.71511618
-1033.37130549
-1043.05432990
-1051.85372852
-1059.85061370
-1067.11844043
-1073.72383256
-1079.72720465
-1085.18336569
-1090.14206659
-1094.64845939
-1098.74356377
-1102.46458906
-1105.84535651
-1108.91656451
-1111.70609095
-1114.23924558
-1116.53901290
-1118.62624264
-1120.51986114
-1122.23700665
-1123.79326343
-1125.20272041
-1126.47816345
-1127.63113340
-1128.67206434
-1129.61039017
-1130.45462917
-1131.21241456
-1131.89064511
-1132.49542555
-1133.03223084
-1133.50594750
-1133.92084644
-1134.28070129
-1134.58875454
-1134.84778239
-1135.06016930
-1135.22781849
-1135.35221003
-1135.43450762
-1135.47549716
-1135.47549716
-1135.43450762
-1135.35221003
-1135.22781849
-1135.06016930
-1134.84778239
-1134.58875454
-1134.28070129
-1133.92084644
-1133.50594750
-1133.03223084
-1132.49542555
-1131.89064511
-1131.21241456
-1130.45462917
-1129.61039017
-1128.67206434
-1127.63113340
-1126.47816345
-1125.20272041
-1123.79326343
-1122.23700665
-1120.51986114
-1118.62624264
-1116.53901290
-1114.23924558
-1111.70609095
-1108.91656451
-1105.84535651
-1102.46458906
-1098.74356377
-1094.64845939
-1090.14206659
-1085.18336569
-1079.72720465
-1073.72383256
-1067.11844043
-1059.85061370
-1051.85372852
-1043.05432990
-1033.37130549
-1022.71511618
-1010.98674944
-998.07669271
-983.86362057
-968.21292615
-950.97502155
-931.98330503
-911.05176383
-887.97203459
-862.50991013
-834.40089303
-803.34478682
-768.99861330
-730.96765833
-688.79358875
-641.93864628
-589.76413769
-531.50076782
-466.20690957
-392.70934498
-309.51963827
-214.72355544
-105.87059628
-83.68348079
-170.81117711
-245.34825776
-310.05853921
-366.83706661
-417.04263529
-461.69387456
-501.58180832
-537.33788179
-569.47744256
-598.42880888
-624.55338492
-648.15999973
-669.51534329
-688.85172186
-706.37300561
-722.25917545
-736.66993534
-749.74758613
-761.61935735
-772.39934265
-782.19009244
-791.08395584
-799.16423667
-806.50618928
-813.17786235
-819.24083632
-824.75090696
-829.75861698
-834.30983394
-838.44612897
-842.20524261
-845.62143596
-848.72579322
-851.54656570
-854.10936817
-856.43750743
-858.55210768
-860.47236004
-862.21569314
-863.79790780
-865.23334445
-866.53502047
-867.71471056
-868.78314547
-869.74997768
-870.62396950
-871.41303708
-872.12431581
-872.76426290
-873.33870457
-873.85281294
-874.31126497
-874.71819516
-875.07728578
-875.39181098
-875.66458751
-875.89809305
-876.09445043
-876.25544400
-876.38251846
-876.47681437
-876.53921726
-876.57026595
-876.57026595
-876.53921726
-876.47681437
-876.38251846
-876.25544400
-876.09445043
-875.89809305
-875.66458751
-875.39181098
-875.07728578
-874.71819516
-874.31126497
-873.85281294
-873.33870457
-872.76426290
-872.12431581
-871.41303708
-870.62396950
-869.74997768
-868.78314547
-867.71471056
-866.53502047
-865.23334445
-863.79790780
-862.21569314
-860.47236004
-858.55210768
-856.43750743
-854.10936817
-851.54656570
-848.72579322
-845.62143596
-842.20524261
-838.44612897
-834.30983394
-829.75861698
-824.75090696
-819.24083632
-813.17786235
-806.50618928
-799.16423667
-791.08395584
-782.19009244
-772.39934265
-761.61935735
-749.74758613
-736.66993534
-722.25917545
-706.37300561
-688.85172186
-669.51534329
-648.15999973
-624.55338492
-598.42880888
-569.47744256
-537.33788179
-501.58180832
-461.69387456
-417.04263529
-366.83706661
-310.05853921
-245.34825776
-170.81117711
-83.68348079
-58.05214549
-119.48940490
-171.00365516
-215.33948209
-254.04017132
-288.13881585
-318.38689663
-345.35681151
-369.49866595
-391.17540245
-410.68576440
-428.27992399
-444.17036159
-458.53972371
-471.54648989
-483.32935751
-494.01045307
-503.69796838
-512.48813269
-520.46689717
-527.71125166
-534.29033799
-540.26639574
-545.69550456
-550.62834965
-555.11068798
-559.18397791
-562.88571373
-566.24990253
-569.30736886
-572.08605538
-574.61134115
-576.90622712
-578.99163003
-580.88650282
-582.60808133
-584.17200997
-585.59249009
-586.88242059
-588.05350184
-589.11635354
-590.08061377
-590.95500221
-591.74746604
-592.46517123
-593.11463690
-593.70173558
-594.23177937
-594.70957288
-595.13945594
-595.52532014
-595.87067726
-596.17863919
-596.45199334
-596.69321539
-596.90449603
-597.08773828
-597.24458151
-597.37648744
-597.48463000
-597.56998384
-597.63334051
-597.67524372
-597.69611383
-597.69611383
-597.67524372
-597.63334051
-597.56998384
-597.48463000
-597.37648744
-597.24458151
-597.08773828
-596.90449603
-596.69321539
-596.45199334
-596.17863919
-595.87067726
-595.52532014
-595.13945594
-594.70957288
-594.23177937
-593.70173558
-593.11463690
-592.46517123
-591.74746604
-590.95500221
-590.08061377
-589.11635354
-588.05350184
-586.88242059
-585.59249009
-584.17200997
-582.60808133
-580.88650282
-578.99163003
-576.90622712
-574.61134115
-572.08605538
-569.30736886
-566.24990253
-562.88571373
-559.18397791
-555.11068798
-550.62834965
-545.69550456
-540.26639574
-534.29033799
-527.71125166
-520.46689717
-512.48813269
-503.69796838
-494.01045307
-483.32935751
-471.54648989
-458.53972371
-444.17036159
-428.27992399
-410.68576440
-391.17540245
-369.49866595
-345.35681151
-318.38689663
-288.13881585
-254.04017132
-215.33948209
-171.00365516
-119.48940490
-58.05214549
-29.03569646
-58.09064159
-83.83746661
-106.25556600
-125.84532138
-143.08555264
-158.35807747
-171.95986177
-184.12456112
-195.03971841
-204.85891103
-213.71015957
-221.70179817
-228.92667261
-235.46515659
-241.38746159
-246.75531596
-251.62334627
-256.04008437
-260.04885677
-263.68843519
-266.99363681
-269.99577447
-272.72306784
-275.20100028
-277.45258491
-279.49865838
-281.35807046
-283.04790993
-284.58366819
-285.97938559
-287.24781240
-288.40050526
-289.44797022
-290.39973192
-291.26444524
-292.04997633
-292.76344948
-293.41135814
-293.99956342
-294.53341286
-295.01773866
-295.45692374
-295.85496121
-296.21544942
-296.54165724
-296.83654796
-297.10276707
-297.34275383
-297.55867088
-297.75247604
-297.92594769
-298.08062835
-298.21792115
-298.33909677
-298.44521164
-298.53723881
-298.61603780
-298.68227439
-298.73658696
-298.77947607
-298.81128404
-298.83233592
-298.84281851
-298.84281851
-298.83233592
-298.81128404
-298.77947607
-298.73658696
-298.68227439
-298.61603780
-298.53723881
-298.44521164
-298.33909677
-298.21792115
-298.08062835
-297.92594769
-297.75247604
-297.55867088
-297.34275383
-297.10276707
-296.83654796
-296.54165724
-296.21544942
-295.85496121
-295.45692374
-295.01773866
-294.53341286
-293.99956342
-293.41135814
-292.76344948
-292.04997633
-291.26444524
-290.39973192
-289.44797022
-288.40050526
-287.24781240
-285.97938559
-284.58366819
-283.04790993
-281.35807046
-279.49865838
-277.45258491
-275.20100028
-272.72306784
-269.99577447
-266.99363681
-263.68843519
-260.04885677
-256.04008437
-251.62334627
-246.75531596
-241.38746159
-235.46515659
-228.92667261
-221.70179817
-213.71015957
-204.85891103
-195.03971841
-184.12456112
-171.95986177
-158.35807747
-143.08555264
-125.84532138
-106.25556600
-83.83746661
-58.09064159
-29.03569646
